64 0.05921052631578944 0.011059609250398734 0.15789473684210523 0.011059609250398734 0.15789473684210523 0.11059609250398725 0.05921052631578944 0.11059609250398725
6 0.8513157894736846 0.19275318979266332 0.9342105263157897 0.19275318979266332 0.9342105263157897 0.28754984051036664 0.8513157894736846 0.28754984051036664
21 0.1934210526315789 0.7931319776714503 0.27368421052631603 0.7931319776714503 0.27368421052631603 0.8847687400318979 0.1934210526315789 0.8847687400318979
13 0.6749999999999997 0.3507476076555023 0.7342105263157892 0.3507476076555023 0.7342105263157892 0.41552531897926687 0.6749999999999997 0.41552531897926687
17 0.8539473684210525 0.33494816586921855 0.9328947368421037 0.33494816586921855 0.9328947368421037 0.4313247607655498 0.8539473684210525 0.4313247607655498
3 0.8565789473684206 0.5055821371610837 0.9302631578947366 0.5055821371610837 0.9302631578947366 0.6019587320574161 0.8565789473684206 0.6019587320574161
7 0.8500000000000003 0.6430372807017544 0.9342105263157876 0.6430372807017544 0.9342105263157876 0.742573763955343 0.8500000000000003 0.742573763955343
25 0.8565789473684206 0.8057715311004784 0.9342105263157888 0.8057715311004784 0.9342105263157888 0.9005681818181824 0.8565789473684206 0.9005681818181824
5 0.42236842105263145 1.403272323788575e-18 0.506578947368421 1.403272323788575e-18 0.506578947368421 0.0995364832535885 0.42236842105263145 0.0995364832535885
29 0.3131578947368421 0.003159888357256778 0.3960526315789474 0.003159888357256778 0.3960526315789474 0.09637659489633175 0.3131578947368421 0.09637659489633175
31 0.5592105263157895 0.001579944178628389 0.6407894736842106 0.001579944178628389 0.6407894736842106 0.09795653907496012 0.5592105263157895 0.09795653907496012
14 0.45921052631578946 0.7931319776714514 0.5394736842105263 0.7931319776714514 0.5394736842105263 0.8831887958532695 0.45921052631578946 0.8831887958532695
20 0.09473684210526317 0.7868122009569379 0.1736842105263158 0.7868122009569379 0.1736842105263158 0.8863486842105264 0.09473684210526317 0.8863486842105264
