31 0.45733333333333326 3.282030731844272e-18 0.5320000000000003 3.282030731844272e-18 0.5320000000000003 0.05358095238095237 0.45733333333333326 0.05358095238095237
6 0.6773333333333337 0.0 0.758666666666666 0.0 0.758666666666666 0.05265714285714282 0.6773333333333337 0.05265714285714282
20 0.905333333333333 0.0009238095238095237 0.9813333333333346 0.0009238095238095237 0.9813333333333346 0.051733333333333346 0.905333333333333 0.051733333333333346
21 0.006666666666666667 0.15150476190476173 0.08399999999999994 0.15150476190476173 0.08399999999999994 0.20878095238095234 0.006666666666666667 0.20878095238095234
7 0.4559999999999997 0.1542761904761901 0.5306666666666661 0.1542761904761901 0.5306666666666661 0.2087809523809523 0.4559999999999997 0.2087809523809523
25 0.6813333333333333 0.1533523809523807 0.7626666666666673 0.1533523809523807 0.7626666666666673 0.21062857142857125 0.6813333333333333 0.21062857142857125
24 0.9053333333333349 0.15335238095238082 0.9826666666666651 0.15335238095238082 0.9826666666666651 0.20878095238095243 0.9053333333333349 0.20878095238095243
27 0.007999999999999993 0.3113238095238095 0.08533333333333336 0.3113238095238095 0.08533333333333336 0.3639809523809523 0.007999999999999993 0.3639809523809523
26 0.22933333333333322 0.3113238095238086 0.31066666666666654 0.3113238095238086 0.31066666666666654 0.36490476190476084 0.22933333333333322 0.36490476190476084
9 0.45466666666666583 0.30947619047619024 0.533333333333333 0.30947619047619024 0.533333333333333 0.36490476190476184 0.45466666666666583 0.36490476190476184
19 0.6786666666666659 0.3067047619047621 0.751999999999999 0.3067047619047621 0.751999999999999 0.3621333333333336 0.6786666666666659 0.3621333333333336
13 0.004000000000000001 0.464676190476191 0.08533333333333334 0.464676190476191 0.08533333333333334 0.5173333333333339 0.004000000000000001 0.5173333333333339
2 0.23066666666666655 0.4646761904761898 0.30799999999999994 0.4646761904761898 0.30799999999999994 0.520104761904762 0.23066666666666655 0.520104761904762
30 0.4573333333333334 0.4655999999999997 0.5333333333333334 0.4655999999999997 0.5333333333333334 0.5043999999999997 0.4573333333333334 0.5043999999999997
23 0.6800000000000002 0.4646761904761906 0.7546666666666668 0.4646761904761906 0.7546666666666668 0.518257142857143 0.6800000000000002 0.518257142857143
17 0.9026666666666666 0.46559999999999957 0.9826666666666664 0.46559999999999957 0.9826666666666664 0.5201047619047617 0.9026666666666666 0.5201047619047617
8 0.6759999999999995 0.6207999999999995 0.7613333333333333 0.6207999999999995 0.7613333333333333 0.6789999999999999 0.6759999999999995 0.6789999999999999
1 0.9039999999999996 0.6208000000000008 0.9840000000000001 0.6208000000000008 0.9840000000000001 0.6753047619047619 0.9039999999999996 0.6753047619047619
22 0.004000000000000006 0.7769238095238095 0.08399999999999999 0.7769238095238095 0.08399999999999999 0.8332761904761905 0.004000000000000006 0.8332761904761905
10 0.22799999999999968 0.7759999999999992 0.30933333333333335 0.7759999999999992 0.30933333333333335 0.8341999999999998 0.22799999999999968 0.8341999999999998
12 0.4546666666666659 0.7769238095238078 0.5373333333333333 0.7769238095238078 0.5373333333333333 0.8332761904761903 0.4546666666666659 0.8332761904761903
0 0.6773333333333332 0.7778476190476187 0.7613333333333333 0.7778476190476187 0.7613333333333333 0.8332761904761903 0.6773333333333332 0.8332761904761903
18 0.228 0.6198761904761892 0.30933333333333324 0.6198761904761892 0.30933333333333324 0.6762285714285711 0.228 0.6762285714285711
3 0.22933333333333336 0.9302761904761903 0.30933333333333335 0.9302761904761903 0.30933333333333335 0.9889142857142849 0.22933333333333336 0.9889142857142849
14 0.22666666666666666 0.15427619047619046 0.31066666666666665 0.15427619047619046 0.31066666666666665 0.2097047619047617 0.22666666666666666 0.2097047619047617
29 0.004 0.0 0.08533333333333333 0.0 0.08533333333333333 0.052657142857142854 0.004 0.052657142857142854
5 0.23066666666666666 0.0 0.308 0.0 0.308 0.05173333333333333 0.23066666666666666 0.05173333333333333
15 0.904 0.30762857142857136 0.9839999999999999 0.30762857142857136 0.9839999999999999 0.3621333333333332 0.904 0.3621333333333332
16 0.0 0.622647619047619 0.058666666666666666 0.622647619047619 0.058666666666666666 0.6780761904761904 0.0 0.6780761904761904
11 0.4533333333333333 0.6207999999999999 0.536 0.6207999999999999 0.536 0.6753047619047617 0.4533333333333333 0.6753047619047617
4 0.9026666666666666 0.7741523809523808 0.9853333333333332 0.7741523809523808 0.9853333333333332 0.8305047619047619 0.9026666666666666 0.8305047619047619
28 0.0013333333333333333 0.9311999999999998 0.08666666666666667 0.9311999999999998 0.08666666666666667 0.9866285714285714 0.0013333333333333333 0.9866285714285714
