37 0.022666666666666665 0.0 0.09599999999999999 0.0 0.09599999999999999 0.054004212743549246 0.022666666666666665 0.054004212743549246
57 0.2373333333333332 0.0 0.32666666666666644 0.0 0.32666666666666644 0.05860031595576621 0.2373333333333332 0.05860031595576621
51 0.47333333333333333 0.0 0.5359999999999991 0.0 0.5359999999999991 0.056302264349657724 0.47333333333333333 0.056302264349657724
46 0.6839999999999995 3.571889726829835e-18 0.7573333333333332 3.571889726829835e-18 0.7573333333333332 0.04596103212216956 0.6839999999999995 0.04596103212216956
55 0.9079999999999999 0.0026810543628791026 0.9640000000000002 0.0026810543628791026 0.9640000000000002 0.05745129015271196 0.9079999999999999 0.05745129015271196
38 0.02266666666666666 0.18652518285155723 0.08800000000000001 0.18652518285155723 0.08800000000000001 0.23669931542917325 0.02266666666666666 0.23669931542917325
53 0.466666666666666 0.18499315429173252 0.5213333333333331 0.18499315429173252 0.5213333333333331 0.23095418641390203 0.466666666666666 0.23095418641390203
52 0.6759999999999999 0.18269510268562394 0.7453333333333333 0.18269510268562394 0.7453333333333333 0.23440126382306473 0.6759999999999999 0.23440126382306473
47 0.9053333333333332 0.18729120589784068 0.9773333333333322 0.18729120589784068 0.9773333333333322 0.240146392838336 0.9053333333333332 0.240146392838336
34 0.030666666666666665 0.37802948920484414 0.09466666666666666 0.37802948920484414 0.09466666666666666 0.4343317535545025 0.030666666666666665 0.4343317535545025
50 0.25333333333333313 0.37573143759873573 0.32933333333333337 0.37573143759873573 0.32933333333333337 0.4423749341758821 0.25333333333333313 0.4423749341758821
56 0.4626666666666669 0.36194312796208533 0.542666666666667 0.36194312796208533 0.542666666666667 0.4193944181147972 0.4626666666666669 0.4193944181147972
42 0.6893333333333331 0.37688046340179066 0.7573333333333333 0.37688046340179066 0.7573333333333333 0.4331827277514483 0.6893333333333331 0.4331827277514483
33 0.9079999999999999 0.3757314375987365 0.9573333333333333 0.3757314375987365 0.9573333333333333 0.42399052132701437 0.9079999999999999 0.42399052132701437
48 0.01866666666666665 0.5664697209057398 0.11199999999999993 0.5664697209057398 0.11199999999999993 0.6285171142706686 0.01866666666666665 0.6285171142706686
45 0.24933333333333288 0.567618746708794 0.2973333333333334 0.567618746708794 0.2973333333333334 0.6170268562401264 0.24933333333333288 0.6170268562401264
44 0.6866666666666668 0.565320695102686 0.7333333333333335 0.565320695102686 0.7333333333333335 0.6135797788309638 0.6866666666666668 0.6135797788309638
43 0.9053333333333333 0.5653206951026857 0.9573333333333333 0.5653206951026857 0.9573333333333333 0.6151118073907885 0.9053333333333333 0.6151118073907885
49 0.027999999999999966 0.7560589784096894 0.09599999999999999 0.7560589784096894 0.09599999999999999 0.8077651395471301 0.027999999999999966 0.8077651395471301
39 0.2520000000000001 0.7583570300157977 0.31333333333333335 0.7583570300157977 0.31333333333333335 0.8146592943654554 0.2520000000000001 0.8146592943654554
32 0.47066666666666723 0.754909952606635 0.5359999999999999 0.754909952606635 0.5359999999999999 0.8100631911532385 0.47066666666666723 0.8100631911532385
58 0.6853333333333321 0.752611901000526 0.7519999999999998 0.752611901000526 0.7519999999999998 0.803169036334913 0.6853333333333321 0.803169036334913
54 0.9066666666666666 0.7560589784096908 0.9799999999999975 0.7560589784096908 0.9799999999999975 0.8146592943654557 0.9066666666666666 0.8146592943654557
35 0.029333333333333305 0.9444992101105846 0.08533333333333334 0.9444992101105846 0.08533333333333334 0.990807793575566 0.029333333333333305 0.990807793575566
40 0.46800000000000014 0.5653206951026856 0.5373333333333333 0.5653206951026856 0.5373333333333333 0.6239210110584518 0.46800000000000014 0.6239210110584518
36 0.24533333333333332 0.18269510268562403 0.304 0.18269510268562403 0.304 0.23095418641390209 0.24533333333333332 0.23095418641390209
